global H2_r0
H2_r0 = 1.4;

global phi1sbasis
phi1sbasis = {...
    phi1s(0.168856,0,0,0),...
    phi1s(0.623913,0,0,0),...
    phi1s(3.42525,0,0,0),...
    phi1s(0.168856,0,0,1.4),...
    phi1s(0.623913,0,0,1.4),...
    phi1s(3.42525,0,0,1.4)...
};

global phi1salpha
phi1salpha = {...
    0.168856, 0.623913, 3.42525, 0.168856, 0.623913, 3.42525...
};

global phi1sR0
phi1sR0 = {...
    [0 0 0], [0 0 0], [0 0 0], [0 0 H2_r0], [0 0 H2_r0], [0 0 H2_r0]...
};

global nucleiR0
nucleiR0 = {...
    [0 0 0], [0 0 H2_r0]...
};

global nucleiZ
nucleiZ = {...
    1, 1 ...
};
