global Cx
Cx =  0.738559;
global a
a  = -0.0155453;
global b1
b1 = 32.9753;
global b2
b2 = 53.1559;
global box_size
box_size = 10;